2_agua.asc
ncols         61
nrows         101
xllcorner     0.000
yllcorner     0.000
cellsize      1.0
NODATA_value  -9999
[rows 40 to 79 of 101, columns 0 to 60 of 61]
0.000 0.000 0.000 0.000 0.000 0.000 0.000 0.000 0.000 0.000 0.000 0.000 0.000 0.000 0.000 0.000 0.480 0.960 1.440 1.920 2.400 2.880 3.360 3.840 4.320 4.800 5.280 5.760 6.240 6.720 7.200 7.680 8.160 8.640 9.120 9.600 10.080 10.560 11.040 11.520 12.000 12.150 12.300 12.450 12.600 12.750 12.900 13.050 13.200 13.350 13.500 13.650 13.800 13.950 14.100 14.250 14.400 14.550 14.700 14.850 15.000
0.000 0.000 0.000 0.000 0.000 0.000 0.000 0.000 0.000 0.000 0.000 0.000 0.000 0.000 0.000 0.000 0.480 0.960 1.440 1.920 2.400 2.880 3.360 3.840 4.320 4.800 5.280 5.760 6.240 6.720 7.200 7.680 8.160 8.640 9.120 9.600 10.080 10.560 11.040 11.520 12.000 12.150 12.300 12.450 12.600 12.750 12.900 13.050 13.200 13.350 13.500 13.650 13.800 13.950 14.100 14.250 14.400 14.550 14.700 14.850 15.000
0.000 0.000 0.000 0.000 0.000 0.000 0.000 0.000 0.000 0.000 0.000 0.000 0.000 0.000 0.000 0.000 0.480 0.960 1.440 1.920 2.400 2.880 3.360 3.840 4.320 4.800 5.280 5.760 6.240 6.720 7.200 7.680 8.160 8.640 9.120 9.600 10.080 10.560 11.040 11.520 12.000 12.150 12.300 12.450 12.600 12.750 12.900 13.050 13.200 13.350 13.500 13.650 13.800 13.950 14.100 14.250 14.400 14.550 14.700 14.850 15.000
0.000 0.000 0.000 0.000 0.000 0.000 0.000 0.000 0.000 0.000 0.000 0.000 0.000 0.000 0.000 0.000 0.480 0.960 1.440 1.920 2.400 2.880 3.360 3.840 4.320 4.800 5.280 5.760 6.240 6.720 7.200 7.680 8.160 8.640 9.120 9.600 10.080 10.560 11.040 11.520 12.000 12.150 12.300 12.450 12.600 12.750 12.900 13.050 13.200 13.350 13.500 13.650 13.800 13.950 14.100 14.250 14.400 14.550 14.700 14.850 15.000
0.000 0.000 0.000 0.000 0.000 0.000 0.000 0.000 0.000 0.000 0.000 0.000 0.000 0.000 0.000 0.000 0.480 0.960 1.440 1.920 2.400 2.880 3.360 3.840 4.320 4.800 5.280 5.760 6.240 6.720 7.200 7.680 8.160 8.640 9.120 9.600 10.080 10.560 11.040 11.520 12.000 12.150 12.300 12.450 12.600 12.750 12.900 13.050 13.200 13.350 13.500 13.650 13.800 13.950 14.100 14.250 14.400 14.550 14.700 14.850 15.000
0.000 0.000 0.000 0.000 0.000 0.000 0.000 0.000 0.000 0.000 0.000 0.000 0.000 0.000 0.000 0.000 0.480 0.960 1.440 1.920 2.400 2.880 3.360 3.840 4.320 4.800 5.280 5.760 6.240 6.720 7.200 7.680 8.160 8.640 9.120 9.600 10.080 10.560 11.040 11.520 12.000 12.150 12.300 12.450 12.600 12.750 12.900 13.050 13.200 13.350 13.500 13.650 13.800 13.950 14.100 14.250 14.400 14.550 14.700 14.850 15.000
0.000 0.000 0.000 0.000 0.000 0.000 0.000 0.000 0.000 0.000 0.000 0.000 0.000 0.000 0.000 0.000 0.480 0.960 1.440 1.920 2.400 2.880 3.360 3.840 4.320 4.800 5.280 5.760 6.240 6.720 7.200 7.680 8.160 8.640 9.120 9.600 10.080 10.560 11.040 11.520 12.000 12.150 12.300 12.450 12.600 12.750 12.900 13.050 13.200 13.350 13.500 13.650 13.800 13.950 14.100 14.250 14.400 14.550 14.700 14.850 15.000
0.000 0.000 0.000 0.000 0.000 0.000 0.000 0.000 0.000 0.000 0.000 0.000 0.000 0.000 0.000 0.000 0.480 0.960 1.440 1.920 2.400 2.880 3.360 3.840 4.320 4.800 5.280 5.760 6.240 6.720 7.200 7.680 8.160 8.640 9.120 9.600 10.080 10.560 11.040 11.520 12.000 12.150 12.300 12.450 12.600 12.750 12.900 13.050 13.200 13.350 13.500 13.650 13.800 13.950 14.100 14.250 14.400 14.550 14.700 14.850 15.000
0.000 0.000 0.000 0.000 0.000 0.000 0.000 0.000 0.000 0.000 0.000 0.000 0.000 0.000 0.000 0.000 0.480 0.960 1.440 1.920 2.400 2.880 3.360 3.840 4.320 4.800 5.280 5.760 6.240 6.720 7.200 7.680 8.160 8.640 9.120 9.600 10.080 10.560 11.040 11.520 12.000 12.150 12.300 12.450 12.600 12.750 12.900 13.050 13.200 13.350 13.500 13.650 13.800 13.950 14.100 14.250 14.400 14.550 14.700 14.850 15.000
0.000 0.000 0.000 0.000 0.000 0.000 0.000 0.000 0.000 0.000 0.000 0.000 0.000 0.000 0.000 0.000 0.480 0.960 1.440 1.920 2.400 2.880 3.360 3.840 4.320 4.800 5.280 5.760 6.240 6.720 7.200 7.680 8.160 8.640 9.120 9.600 10.080 10.560 11.040 11.520 12.000 12.150 12.300 12.450 12.600 12.750 12.900 13.050 13.200 13.350 13.500 13.650 13.800 13.950 14.100 14.250 14.400 14.550 14.700 14.850 15.000
0.000 0.000 0.000 0.000 0.000 0.000 0.000 0.000 0.000 0.000 0.000 0.000 0.000 0.000 0.000 0.000 0.480 0.960 1.440 1.920 2.400 2.880 3.360 3.840 4.320 4.800 5.280 5.760 6.240 6.720 7.200 7.680 8.160 8.640 9.120 9.600 10.080 10.560 11.040 11.520 12.000 12.150 12.300 12.450 12.600 12.750 12.900 13.050 13.200 13.350 13.500 13.650 13.800 13.950 14.100 14.250 14.400 14.550 14.700 14.850 15.000
0.000 0.000 0.000 0.000 0.000 0.000 0.000 0.000 0.000 0.000 0.000 0.000 0.000 0.000 0.000 0.000 0.480 0.960 1.440 1.920 2.400 2.880 3.360 3.840 4.320 4.800 5.280 5.760 6.240 6.720 7.200 7.680 8.160 8.640 9.120 9.600 10.080 10.560 11.040 11.520 12.000 12.150 12.300 12.450 12.600 12.750 12.900 13.050 13.200 13.350 13.500 13.650 13.800 13.950 14.100 14.250 14.400 14.550 14.700 14.850 15.000
0.000 0.000 0.000 0.000 0.000 0.000 0.000 0.000 0.000 0.000 0.000 0.000 0.000 0.000 0.000 0.000 0.480 0.960 1.440 1.920 2.400 2.880 3.360 3.840 4.320 4.800 5.280 5.760 6.240 6.720 7.200 7.680 8.160 8.640 9.120 9.600 10.080 10.560 11.040 11.520 12.000 12.150 12.300 12.450 12.600 12.750 12.900 13.050 13.200 13.350 13.500 13.650 13.800 13.950 14.100 14.250 14.400 14.550 14.700 14.850 15.000
0.000 0.000 0.000 0.000 0.000 0.000 0.000 0.000 0.000 0.000 0.000 0.000 0.000 0.000 0.000 0.000 0.480 0.960 1.440 1.920 2.400 2.880 3.360 3.840 4.320 4.800 5.280 5.760 6.240 6.720 7.200 7.680 8.160 8.640 9.120 9.600 10.080 10.560 11.040 11.520 12.000 12.150 12.300 12.450 12.600 12.750 12.900 13.050 13.200 13.350 13.500 13.650 13.800 13.950 14.100 14.250 14.400 14.550 14.700 14.850 15.000
0.000 0.000 0.000 0.000 0.000 0.000 0.000 0.000 0.000 0.000 0.000 0.000 0.000 0.000 0.000 0.000 0.480 0.960 1.440 1.920 2.400 2.880 3.360 3.840 4.320 4.800 5.280 5.760 6.240 6.720 7.200 7.680 8.160 8.640 9.120 9.600 10.080 10.560 11.040 11.520 12.000 12.150 12.300 12.450 12.600 12.750 12.900 13.050 13.200 13.350 13.500 13.650 13.800 13.950 14.100 14.250 14.400 14.550 14.700 14.850 15.000
0.000 0.000 0.000 0.000 0.000 0.000 0.000 0.000 0.000 0.000 0.000 0.000 0.000 0.000 0.000 0.000 0.480 0.960 1.440 1.920 2.400 2.880 3.360 3.840 4.320 4.800 5.280 5.760 6.240 6.720 7.200 7.680 8.160 8.640 9.120 9.600 10.080 10.560 11.040 11.520 12.000 12.150 12.300 12.450 12.600 12.750 12.900 13.050 13.200 13.350 13.500 13.650 13.800 13.950 14.100 14.250 14.400 14.550 14.700 14.850 15.000
0.000 0.000 0.000 0.000 0.000 0.000 0.000 0.000 0.000 0.000 0.000 0.000 0.000 0.000 0.000 0.000 0.480 0.960 1.440 1.920 2.400 2.880 3.360 3.840 4.320 4.800 5.280 5.760 6.240 6.720 7.200 7.680 8.160 8.640 9.120 9.600 10.080 10.560 11.040 11.520 12.000 12.150 12.300 12.450 12.600 12.750 12.900 13.050 13.200 13.350 13.500 13.650 13.800 13.950 14.100 14.250 14.400 14.550 14.700 14.850 15.000
0.000 0.000 0.000 0.000 0.000 0.000 0.000 0.000 0.000 0.000 0.000 0.000 0.000 0.000 0.000 0.000 0.480 0.960 1.440 1.920 2.400 2.880 3.360 3.840 4.320 4.800 5.280 5.760 6.240 6.720 7.200 7.680 8.160 8.640 9.120 9.600 10.080 10.560 11.040 11.520 12.000 12.150 12.300 12.450 12.600 12.750 12.900 13.050 13.200 13.350 13.500 13.650 13.800 13.950 14.100 14.250 14.400 14.550 14.700 14.850 15.000
0.000 0.000 0.000 0.000 0.000 0.000 0.000 0.000 0.000 0.000 0.000 0.000 0.000 0.000 0.000 0.000 0.480 0.960 1.440 1.920 2.400 2.880 3.360 3.840 4.320 4.800 5.280 5.760 6.240 6.720 7.200 7.680 8.160 8.640 9.120 9.600 10.080 10.560 11.040 11.520 12.000 12.150 12.300 12.450 12.600 12.750 12.900 13.050 13.200 13.350 13.500 13.650 13.800 13.950 14.100 14.250 14.400 14.550 14.700 14.850 15.000
0.000 0.000 0.000 0.000 0.000 0.000 0.000 0.000 0.000 0.000 0.000 0.000 0.000 0.000 0.000 0.000 0.480 0.960 1.440 1.920 2.400 2.880 3.360 3.840 4.320 4.800 5.280 5.760 6.240 6.720 7.200 7.680 8.160 8.640 9.120 9.600 10.080 10.560 11.040 11.520 12.000 12.150 12.300 12.450 12.600 12.750 12.900 13.050 13.200 13.350 13.500 13.650 13.800 13.950 14.100 14.250 14.400 14.550 14.700 14.850 15.000
0.000 0.000 0.000 0.000 0.000 0.000 0.000 0.000 0.000 0.000 0.000 0.000 0.000 0.000 0.000 0.000 0.480 0.960 1.440 1.920 2.400 2.880 3.360 3.840 4.320 4.800 5.280 5.760 6.240 6.720 7.200 7.680 8.160 8.640 9.120 9.600 10.080 10.560 11.040 11.520 12.000 12.150 12.300 12.450 12.600 12.750 12.900 13.050 13.200 13.350 13.500 13.650 13.800 13.950 14.100 14.250 14.400 14.550 14.700 14.850 15.000
0.000 0.000 0.000 0.000 0.000 0.000 0.000 0.000 0.000 0.000 0.000 0.000 0.000 0.000 0.000 0.000 0.480 0.960 1.440 1.920 2.400 2.880 3.360 3.840 4.320 4.800 5.280 5.760 6.240 6.720 7.200 7.680 8.160 8.640 9.120 9.600 10.080 10.560 11.040 11.520 12.000 12.150 12.300 12.450 12.600 12.750 12.900 13.050 13.200 13.350 13.500 13.650 13.800 13.950 14.100 14.250 14.400 14.550 14.700 14.850 15.000
0.000 0.000 0.000 0.000 0.000 0.000 0.000 0.000 0.000 0.000 0.000 0.000 0.000 0.000 0.000 0.000 0.480 0.960 1.440 1.920 2.400 2.880 3.360 3.840 4.320 4.800 5.280 5.760 6.240 6.720 7.200 7.680 8.160 8.640 9.120 9.600 10.080 10.560 11.040 11.520 12.000 12.150 12.300 12.450 12.600 12.750 12.900 13.050 13.200 13.350 13.500 13.650 13.800 13.950 14.100 14.250 14.400 14.550 14.700 14.850 15.000
0.000 0.000 0.000 0.000 0.000 0.000 0.000 0.000 0.000 0.000 0.000 0.000 0.000 0.000 0.000 0.000 0.480 0.960 1.440 1.920 2.400 2.880 3.360 3.840 4.320 4.800 5.280 5.760 6.240 6.720 7.200 7.680 8.160 8.640 9.120 9.600 10.080 10.560 11.040 11.520 12.000 12.150 12.300 12.450 12.600 12.750 12.900 13.050 13.200 13.350 13.500 13.650 13.800 13.950 14.100 14.250 14.400 14.550 14.700 14.850 15.000
0.000 0.000 0.000 0.000 0.000 0.000 0.000 0.000 0.000 0.000 0.000 0.000 0.000 0.000 0.000 0.000 0.480 0.960 1.440 1.920 2.400 2.880 3.360 3.840 4.320 4.800 5.280 5.760 6.240 6.720 7.200 7.680 8.160 8.640 9.120 9.600 10.080 10.560 11.040 11.520 12.000 12.150 12.300 12.450 12.600 12.750 12.900 13.050 13.200 13.350 13.500 13.650 13.800 13.950 14.100 14.250 14.400 14.550 14.700 14.850 15.000
0.000 0.000 0.000 0.000 0.000 0.000 0.000 0.000 0.000 0.000 0.000 0.000 0.000 0.000 0.000 0.000 0.480 0.960 1.440 1.920 2.400 2.880 3.360 3.840 4.320 4.800 5.280 5.760 6.240 6.720 7.200 7.680 8.160 8.640 9.120 9.600 10.080 10.560 11.040 11.520 12.000 12.150 12.300 12.450 12.600 12.750 12.900 13.050 13.200 13.350 13.500 13.650 13.800 13.950 14.100 14.250 14.400 14.550 14.700 14.850 15.000
0.000 0.000 0.000 0.000 0.000 0.000 0.000 0.000 0.000 0.000 0.000 0.000 0.000 0.000 0.000 0.000 0.480 0.960 1.440 1.920 2.400 2.880 3.360 3.840 4.320 4.800 5.280 5.760 6.240 6.720 7.200 7.680 8.160 8.640 9.120 9.600 10.080 10.560 11.040 11.520 12.000 12.150 12.300 12.450 12.600 12.750 12.900 13.050 13.200 13.350 13.500 13.650 13.800 13.950 14.100 14.250 14.400 14.550 14.700 14.850 15.000
0.000 0.000 0.000 0.000 0.000 0.000 0.000 0.000 0.000 0.000 0.000 0.000 0.000 0.000 0.000 0.000 0.480 0.960 1.440 1.920 2.400 2.880 3.360 3.840 4.320 4.800 5.280 5.760 6.240 6.720 7.200 7.680 8.160 8.640 9.120 9.600 10.080 10.560 11.040 11.520 12.000 12.150 12.300 12.450 12.600 12.750 12.900 13.050 13.200 13.350 13.500 13.650 13.800 13.950 14.100 14.250 14.400 14.550 14.700 14.850 15.000
0.000 0.000 0.000 0.000 0.000 0.000 0.000 0.000 0.000 0.000 0.000 0.000 0.000 0.000 0.000 0.000 0.480 0.960 1.440 1.920 2.400 2.880 3.360 3.840 4.320 4.800 5.280 5.760 6.240 6.720 7.200 7.680 8.160 8.640 9.120 9.600 10.080 10.560 11.040 11.520 12.000 12.150 12.300 12.450 12.600 12.750 12.900 13.050 13.200 13.350 13.500 13.650 13.800 13.950 14.100 14.250 14.400 14.550 14.700 14.850 15.000
0.000 0.000 0.000 0.000 0.000 0.000 0.000 0.000 0.000 0.000 0.000 0.000 0.000 0.000 0.000 0.000 0.480 0.960 1.440 1.920 2.400 2.880 3.360 3.840 4.320 4.800 5.280 5.760 6.240 6.720 7.200 7.680 8.160 8.640 9.120 9.600 10.080 10.560 11.040 11.520 12.000 12.150 12.300 12.450 12.600 12.750 12.900 13.050 13.200 13.350 13.500 13.650 13.800 13.950 14.100 14.250 14.400 14.550 14.700 14.850 15.000
0.000 0.000 0.000 0.000 0.000 0.000 0.000 0.000 0.000 0.000 0.000 0.000 0.000 0.000 0.000 0.000 0.480 0.960 1.440 1.920 2.400 2.880 3.360 3.840 4.320 4.800 5.280 5.760 6.240 6.720 7.200 7.680 8.160 8.640 9.120 9.600 10.080 10.560 11.040 11.520 12.000 12.150 12.300 12.450 12.600 12.750 12.900 13.050 13.200 13.350 13.500 13.650 13.800 13.950 14.100 14.250 14.400 14.550 14.700 14.850 15.000
0.000 0.000 0.000 0.000 0.000 0.000 0.000 0.000 0.000 0.000 0.000 0.000 0.000 0.000 0.000 0.000 0.480 0.960 1.440 1.920 2.400 2.880 3.360 3.840 4.320 4.800 5.280 5.760 6.240 6.720 7.200 7.680 8.160 8.640 9.120 9.600 10.080 10.560 11.040 11.520 12.000 12.150 12.300 12.450 12.600 12.750 12.900 13.050 13.200 13.350 13.500 13.650 13.800 13.950 14.100 14.250 14.400 14.550 14.700 14.850 15.000
0.000 0.000 0.000 0.000 0.000 0.000 0.000 0.000 0.000 0.000 0.000 0.000 0.000 0.000 0.000 0.000 0.480 0.960 1.440 1.920 2.400 2.880 3.360 3.840 4.320 4.800 5.280 5.760 6.240 6.720 7.200 7.680 8.160 8.640 9.120 9.600 10.080 10.560 11.040 11.520 12.000 12.150 12.300 12.450 12.600 12.750 12.900 13.050 13.200 13.350 13.500 13.650 13.800 13.950 14.100 14.250 14.400 14.550 14.700 14.850 15.000
0.000 0.000 0.000 0.000 0.000 0.000 0.000 0.000 0.000 0.000 0.000 0.000 0.000 0.000 0.000 0.000 0.480 0.960 1.440 1.920 2.400 2.880 3.360 3.840 4.320 4.800 5.280 5.760 6.240 6.720 7.200 7.680 8.160 8.640 9.120 9.600 10.080 10.560 11.040 11.520 12.000 12.150 12.300 12.450 12.600 12.750 12.900 13.050 13.200 13.350 13.500 13.650 13.800 13.950 14.100 14.250 14.400 14.550 14.700 14.850 15.000
0.000 0.000 0.000 0.000 0.000 0.000 0.000 0.000 0.000 0.000 0.000 0.000 0.000 0.000 0.000 0.000 0.480 0.960 1.440 1.920 2.400 2.880 3.360 3.840 4.320 4.800 5.280 5.760 6.240 6.720 7.200 7.680 8.160 8.640 9.120 9.600 10.080 10.560 11.040 11.520 12.000 12.150 12.300 12.450 12.600 12.750 12.900 13.050 13.200 13.350 13.500 13.650 13.800 13.950 14.100 14.250 14.400 14.550 14.700 14.850 15.000
0.000 0.000 0.000 0.000 0.000 0.000 0.000 0.000 0.000 0.000 0.000 0.000 0.000 0.000 0.000 0.000 0.480 0.960 1.440 1.920 2.400 2.880 3.360 3.840 4.320 4.800 5.280 5.760 6.240 6.720 7.200 7.680 8.160 8.640 9.120 9.600 10.080 10.560 11.040 11.520 12.000 12.150 12.300 12.450 12.600 12.750 12.900 13.050 13.200 13.350 13.500 13.650 13.800 13.950 14.100 14.250 14.400 14.550 14.700 14.850 15.000
0.000 0.000 0.000 0.000 0.000 0.000 0.000 0.000 0.000 0.000 0.000 0.000 0.000 0.000 0.000 0.000 0.480 0.960 1.440 1.920 2.400 2.880 3.360 3.840 4.320 4.800 5.280 5.760 6.240 6.720 7.200 7.680 8.160 8.640 9.120 9.600 10.080 10.560 11.040 11.520 12.000 12.150 12.300 12.450 12.600 12.750 12.900 13.050 13.200 13.350 13.500 13.650 13.800 13.950 14.100 14.250 14.400 14.550 14.700 14.850 15.000
0.000 0.000 0.000 0.000 0.000 0.000 0.000 0.000 0.000 0.000 0.000 0.000 0.000 0.000 0.000 0.000 0.480 0.960 1.440 1.920 2.400 2.880 3.360 3.840 4.320 4.800 5.280 5.760 6.240 6.720 7.200 7.680 8.160 8.640 9.120 9.600 10.080 10.560 11.040 11.520 12.000 12.150 12.300 12.450 12.600 12.750 12.900 13.050 13.200 13.350 13.500 13.650 13.800 13.950 14.100 14.250 14.400 14.550 14.700 14.850 15.000
0.000 0.000 0.000 0.000 0.000 0.000 0.000 0.000 0.000 0.000 0.000 0.000 0.000 0.000 0.000 0.000 0.480 0.960 1.440 1.920 2.400 2.880 3.360 3.840 4.320 4.800 5.280 5.760 6.240 6.720 7.200 7.680 8.160 8.640 9.120 9.600 10.080 10.560 11.040 11.520 12.000 12.150 12.300 12.450 12.600 12.750 12.900 13.050 13.200 13.350 13.500 13.650 13.800 13.950 14.100 14.250 14.400 14.550 14.700 14.850 15.000
0.000 0.000 0.000 0.000 0.000 0.000 0.000 0.000 0.000 0.000 0.000 0.000 0.000 0.000 0.000 0.000 0.480 0.960 1.440 1.920 2.400 2.880 3.360 3.840 4.320 4.800 5.280 5.760 6.240 6.720 7.200 7.680 8.160 8.640 9.120 9.600 10.080 10.560 11.040 11.520 12.000 12.150 12.300 12.450 12.600 12.750 12.900 13.050 13.200 13.350 13.500 13.650 13.800 13.950 14.100 14.250 14.400 14.550 14.700 14.850 15.000
